vertex  0       0 1 2 3 4 5 6 7 8 9 10 11 12 13 14 15
vertex	10		0 1 2 3 4 5 6 7 8 9 10 11 12 13 14 15


sector  0 15    0 1 17 16   -1 -1 1 -1 
sector  0 16    1 2 18 17     0 -1 2 -1
sector  0 17    2 3 19 18     1 -1 3 -1
sector  0 18    3 4 20 19     2 -1 4 -1
sector  0 19    4 5 21 20    3 -1 5 -1
sector  0 19    5 6 22 21    4 -1 6 -1
sector  0 20    6 7 23 22    5 -1 7 -1
sector  0 21    7 8 24 23    6 -1 8 -1
sector  0 22    8 9 25 24    7 -1 9 -1
sector  0 23    9 10 26 25   8 -1 10 -1
sector  0 24    10 11 27 26    9 -1 11 -1
sector  0 25    11 12 28 27    10 -1 12 -1
sector  0 26    12 13 29 28    11 -1 13 -1
sector  0 27    13 14 30 29    12 -1 14 -1
sector  0 28    14 15 31 30    13 -1 15 -1
sector  0 29    15 16 32 31    -1 -1 -1 -1

player  5 5     0           0